#	00			01			10			11			
0	1.92e-05 	2.05e-14 	2.82e-08 	8.53e-04 	
1	1.75e-05 	1.92e-14 	2.94e-08 	8.07e-04 	
2	1.60e-05 	1.79e-14 	3.07e-08 	7.64e-04 	
3	1.46e-05 	1.67e-14 	3.19e-08 	7.24e-04 	
4	1.33e-05 	1.55e-14 	3.31e-08 	6.85e-04 	
5	1.22e-05 	1.44e-14 	3.42e-08 	6.49e-04 	
6	1.11e-05 	1.34e-14 	3.54e-08 	6.15e-04 	
7	1.02e-05 	1.24e-14 	3.66e-08 	5.82e-04 	
8	9.29e-06 	1.15e-14 	3.77e-08 	5.51e-04 	
9	8.48e-06 	1.06e-14 	3.89e-08 	5.22e-04 	
10	7.75e-06 	9.77e-15 	4.00e-08 	4.94e-04 	
11	7.08e-06 	9.02e-15 	4.11e-08 	4.68e-04 	
12	6.47e-06 	8.31e-15 	4.22e-08 	4.44e-04 	
13	5.91e-06 	7.66e-15 	4.34e-08 	4.20e-04 	
14	5.41e-06 	7.05e-15 	4.45e-08 	3.98e-04 	
15	4.94e-06 	6.49e-15 	4.56e-08 	3.77e-04 	
16	4.52e-06 	5.97e-15 	4.67e-08 	3.58e-04 	
17	4.13e-06 	5.49e-15 	4.78e-08 	3.39e-04 	
18	3.78e-06 	5.04e-15 	4.89e-08 	3.21e-04 	
19	3.46e-06 	4.63e-15 	5.00e-08 	3.05e-04 	
20	3.17e-06 	4.25e-15 	5.10e-08 	2.89e-04 	
21	2.90e-06 	3.90e-15 	5.21e-08 	2.74e-04 	
22	2.65e-06 	3.58e-15 	5.31e-08 	2.60e-04 	
23	2.43e-06 	3.28e-15 	5.41e-08 	2.46e-04 	
24	2.23e-06 	3.01e-15 	5.51e-08 	2.34e-04 	
25	2.04e-06 	2.76e-15 	5.61e-08 	2.22e-04 	
26	1.87e-06 	2.52e-15 	5.70e-08 	2.10e-04 	
27	1.71e-06 	2.31e-15 	5.80e-08 	2.00e-04 	
28	1.57e-06 	2.12e-15 	5.89e-08 	1.90e-04 	
29	1.44e-06 	1.94e-15 	5.98e-08 	1.80e-04 	
30	1.32e-06 	1.77e-15 	6.07e-08 	1.71e-04 	
31	1.21e-06 	1.62e-15 	6.15e-08 	1.62e-04 	
32	1.11e-06 	1.48e-15 	6.24e-08 	1.54e-04 	
33	1.02e-06 	1.36e-15 	6.32e-08 	1.46e-04 	
34	9.39e-07 	1.24e-15 	6.41e-08 	1.39e-04 	
35	8.63e-07 	1.14e-15 	6.49e-08 	1.32e-04 	
36	7.93e-07 	1.04e-15 	6.57e-08 	1.26e-04 	
37	7.29e-07 	9.51e-16 	6.65e-08 	1.20e-04 	
38	6.70e-07 	8.70e-16 	6.73e-08 	1.14e-04 	
39	6.17e-07 	7.96e-16 	6.81e-08 	1.08e-04 	
40	5.67e-07 	7.29e-16 	6.89e-08 	1.03e-04 	
41	5.22e-07 	6.67e-16 	6.96e-08 	9.79e-05 	
42	4.81e-07 	6.10e-16 	7.04e-08 	9.31e-05 	
43	4.43e-07 	5.58e-16 	7.11e-08 	8.86e-05 	
44	4.08e-07 	5.11e-16 	7.18e-08 	8.44e-05 	
45	3.76e-07 	4.68e-16 	7.25e-08 	8.03e-05 	
46	3.46e-07 	4.28e-16 	7.32e-08 	7.65e-05 	
47	3.19e-07 	3.92e-16 	7.39e-08 	7.28e-05 	
48	2.94e-07 	3.59e-16 	7.45e-08 	6.94e-05 	
49	2.72e-07 	3.28e-16 	7.51e-08 	6.61e-05 	
50	2.51e-07 	3.00e-16 	7.58e-08 	6.30e-05 	
51	2.31e-07 	2.75e-16 	7.64e-08 	6.00e-05 	
52	2.14e-07 	2.52e-16 	7.69e-08 	5.72e-05 	
53	1.97e-07 	2.31e-16 	7.75e-08 	5.45e-05 	
54	1.82e-07 	2.11e-16 	7.81e-08 	5.20e-05 	
55	1.68e-07 	1.93e-16 	7.86e-08 	4.96e-05 	
56	1.56e-07 	1.77e-16 	7.92e-08 	4.73e-05 	
57	1.44e-07 	1.62e-16 	7.97e-08 	4.51e-05 	
58	1.33e-07 	1.49e-16 	8.02e-08 	4.31e-05 	
59	1.23e-07 	1.36e-16 	8.07e-08 	4.11e-05 	
60	1.14e-07 	1.25e-16 	8.12e-08 	3.92e-05 	
61	1.05e-07 	1.15e-16 	8.17e-08 	3.74e-05 	
62	9.75e-08 	1.05e-16 	8.22e-08 	3.58e-05 	
63	9.03e-08 	9.64e-17 	8.27e-08 	3.41e-05 	
64	8.37e-08 	8.84e-17 	8.32e-08 	3.26e-05 	
65	7.75e-08 	8.11e-17 	8.36e-08 	3.11e-05 	
66	7.18e-08 	7.44e-17 	8.41e-08 	2.98e-05 	
67	6.66e-08 	6.83e-17 	8.45e-08 	2.84e-05 	
68	6.17e-08 	6.27e-17 	8.49e-08 	2.72e-05 	
69	5.73e-08 	5.75e-17 	8.53e-08 	2.60e-05 	
70	5.31e-08 	5.28e-17 	8.57e-08 	2.48e-05 	
71	4.93e-08 	4.85e-17 	8.61e-08 	2.37e-05 	
72	4.58e-08 	4.45e-17 	8.65e-08 	2.27e-05 	
73	4.25e-08 	4.09e-17 	8.68e-08 	2.17e-05 	
74	3.95e-08 	3.76e-17 	8.72e-08 	2.08e-05 	
75	3.66e-08 	3.45e-17 	8.75e-08 	1.99e-05 	
76	3.40e-08 	3.17e-17 	8.78e-08 	1.90e-05 	
77	3.16e-08 	2.92e-17 	8.81e-08 	1.82e-05 	
78	2.94e-08 	2.68e-17 	8.84e-08 	1.74e-05 	
79	2.73e-08 	2.46e-17 	8.87e-08 	1.67e-05 	
80	2.54e-08 	2.27e-17 	8.90e-08 	1.60e-05 	
81	2.37e-08 	2.08e-17 	8.93e-08 	1.53e-05 	
82	2.20e-08 	1.92e-17 	8.96e-08 	1.46e-05 	
83	2.05e-08 	1.76e-17 	8.99e-08 	1.40e-05 	
84	1.91e-08 	1.62e-17 	9.01e-08 	1.34e-05 	
85	1.77e-08 	1.49e-17 	9.04e-08 	1.29e-05 	
86	1.65e-08 	1.38e-17 	9.06e-08 	1.23e-05 	
87	1.54e-08 	1.27e-17 	9.09e-08 	1.18e-05 	
88	1.43e-08 	1.17e-17 	9.11e-08 	1.13e-05 	
89	1.34e-08 	1.07e-17 	9.13e-08 	1.08e-05 	
90	1.25e-08 	9.90e-18 	9.16e-08 	1.04e-05 	
91	1.16e-08 	9.12e-18 	9.18e-08 	9.97e-06 	
92	1.08e-08 	8.41e-18 	9.20e-08 	9.56e-06 	
93	1.01e-08 	7.75e-18 	9.21e-08 	9.17e-06 	
94	9.42e-09 	7.14e-18 	9.23e-08 	8.80e-06 	
95	8.79e-09 	6.58e-18 	9.25e-08 	8.44e-06 	
96	8.21e-09 	6.07e-18 	9.27e-08 	8.09e-06 	
97	7.66e-09 	5.60e-18 	9.28e-08 	7.77e-06 	
98	7.15e-09 	5.17e-18 	9.30e-08 	7.45e-06 	
99	6.68e-09 	4.77e-18 	9.31e-08 	7.15e-06 	
100	6.24e-09 	4.40e-18 	9.32e-08 	6.87e-06 	
101	5.83e-09 	4.06e-18 	9.34e-08 	6.59e-06 	
102	5.45e-09 	3.75e-18 	9.35e-08 	6.33e-06 	
103	5.09e-09 	3.46e-18 	9.36e-08 	6.08e-06 	
104	4.76e-09 	3.19e-18 	9.37e-08 	5.84e-06 	
105	4.45e-09 	2.95e-18 	9.38e-08 	5.61e-06 	
106	4.16e-09 	2.72e-18 	9.39e-08 	5.39e-06 	
107	3.89e-09 	2.52e-18 	9.40e-08 	5.17e-06 	
108	3.64e-09 	2.33e-18 	9.41e-08 	4.97e-06 	
109	3.41e-09 	2.15e-18 	9.42e-08 	4.78e-06 	
110	3.19e-09 	1.99e-18 	9.43e-08 	4.59e-06 	
111	2.99e-09 	1.84e-18 	9.44e-08 	4.41e-06 	
112	2.79e-09 	1.70e-18 	9.44e-08 	4.24e-06 	
113	2.62e-09 	1.57e-18 	9.45e-08 	4.08e-06 	
114	2.45e-09 	1.45e-18 	9.46e-08 	3.92e-06 	
115	2.30e-09 	1.34e-18 	9.46e-08 	3.77e-06 	
116	2.15e-09 	1.24e-18 	9.47e-08 	3.62e-06 	
117	2.02e-09 	1.15e-18 	9.47e-08 	3.49e-06 	
118	1.89e-09 	1.07e-18 	9.47e-08 	3.35e-06 	
119	1.77e-09 	9.86e-19 	9.48e-08 	3.23e-06 	
120	1.66e-09 	9.13e-19 	9.48e-08 	3.10e-06 	
121	1.56e-09 	8.45e-19 	9.48e-08 	2.99e-06 	
122	1.46e-09 	7.83e-19 	9.48e-08 	2.87e-06 	
123	1.37e-09 	7.25e-19 	9.48e-08 	2.77e-06 	
124	1.29e-09 	6.72e-19 	9.48e-08 	2.66e-06 	
125	1.21e-09 	6.22e-19 	9.48e-08 	2.56e-06 	
126	1.13e-09 	5.77e-19 	9.48e-08 	2.47e-06 	
127	1.06e-09 	5.35e-19 	9.48e-08 	2.37e-06 	
128	9.98e-10 	4.96e-19 	9.48e-08 	2.29e-06 	
129	9.37e-10 	4.59e-19 	9.48e-08 	2.20e-06 	
130	8.80e-10 	4.26e-19 	9.48e-08 	2.12e-06 	
131	8.27e-10 	3.95e-19 	9.48e-08 	2.04e-06 	
132	7.77e-10 	3.67e-19 	9.47e-08 	1.97e-06 	
133	7.30e-10 	3.40e-19 	9.47e-08 	1.89e-06 	
134	6.86e-10 	3.16e-19 	9.47e-08 	1.83e-06 	
135	6.45e-10 	2.93e-19 	9.46e-08 	1.76e-06 	
136	6.06e-10 	2.72e-19 	9.46e-08 	1.70e-06 	
137	5.70e-10 	2.52e-19 	9.45e-08 	1.63e-06 	
138	5.36e-10 	2.34e-19 	9.45e-08 	1.57e-06 	
139	5.04e-10 	2.17e-19 	9.44e-08 	1.52e-06 	
140	4.74e-10 	2.02e-19 	9.44e-08 	1.46e-06 	
141	4.46e-10 	1.88e-19 	9.43e-08 	1.41e-06 	
142	4.20e-10 	1.74e-19 	9.43e-08 	1.36e-06 	
143	3.95e-10 	1.62e-19 	9.42e-08 	1.31e-06 	
144	3.72e-10 	1.50e-19 	9.41e-08 	1.26e-06 	
145	3.50e-10 	1.40e-19 	9.40e-08 	1.22e-06 	
146	3.30e-10 	1.30e-19 	9.40e-08 	1.18e-06 	
147	3.10e-10 	1.21e-19 	9.39e-08 	1.13e-06 	
148	2.92e-10 	1.12e-19 	9.38e-08 	1.09e-06 	
149	2.75e-10 	1.04e-19 	9.37e-08 	1.06e-06 	
150	2.59e-10 	9.71e-20 	9.36e-08 	1.02e-06 	
151	2.44e-10 	9.03e-20 	9.35e-08 	9.83e-07 	
152	2.30e-10 	8.41e-20 	9.34e-08 	9.48e-07 	
153	2.17e-10 	7.82e-20 	9.33e-08 	9.15e-07 	
154	2.05e-10 	7.28e-20 	9.32e-08 	8.83e-07 	
155	1.93e-10 	6.77e-20 	9.31e-08 	8.53e-07 	
156	1.82e-10 	6.30e-20 	9.30e-08 	8.23e-07 	
157	1.72e-10 	5.87e-20 	9.29e-08 	7.95e-07 	
158	1.62e-10 	5.46e-20 	9.28e-08 	7.67e-07 	
159	1.53e-10 	5.09e-20 	9.27e-08 	7.41e-07 	
160	1.44e-10 	4.74e-20 	9.26e-08 	7.15e-07 	
161	1.36e-10 	4.41e-20 	9.25e-08 	6.91e-07 	
162	1.28e-10 	4.11e-20 	9.24e-08 	6.67e-07 	
163	1.21e-10 	3.83e-20 	9.22e-08 	6.44e-07 	
164	1.14e-10 	3.57e-20 	9.21e-08 	6.23e-07 	
165	1.08e-10 	3.33e-20 	9.20e-08 	6.01e-07 	
166	1.02e-10 	3.10e-20 	9.18e-08 	5.81e-07 	
167	9.61e-11 	2.89e-20 	9.17e-08 	5.61e-07 	
168	9.08e-11 	2.69e-20 	9.16e-08 	5.42e-07 	
169	8.57e-11 	2.51e-20 	9.14e-08 	5.24e-07 	
170	8.10e-11 	2.34e-20 	9.13e-08 	5.07e-07 	
171	7.65e-11 	2.18e-20 	9.12e-08 	4.90e-07 	
172	7.23e-11 	2.04e-20 	9.10e-08 	4.73e-07 	
173	6.83e-11 	1.90e-20 	9.09e-08 	4.57e-07 	
174	6.46e-11 	1.77e-20 	9.07e-08 	4.42e-07 	
175	6.10e-11 	1.66e-20 	9.06e-08 	4.27e-07 	
176	5.77e-11 	1.54e-20 	9.05e-08 	4.13e-07 	
177	5.45e-11 	1.44e-20 	9.03e-08 	4.00e-07 	
178	5.16e-11 	1.35e-20 	9.02e-08 	3.86e-07 	
179	4.88e-11 	1.26e-20 	9.00e-08 	3.74e-07 	
180	4.61e-11 	1.17e-20 	8.98e-08 	3.61e-07 	
181	4.36e-11 	1.10e-20 	8.97e-08 	3.49e-07 	
182	4.13e-11 	1.02e-20 	8.95e-08 	3.38e-07 	
183	3.90e-11 	9.56e-21 	8.94e-08 	3.27e-07 	
184	3.69e-11 	8.93e-21 	8.92e-08 	3.16e-07 	
185	3.50e-11 	8.34e-21 	8.91e-08 	3.06e-07 	
186	3.31e-11 	7.79e-21 	8.89e-08 	2.96e-07 	
187	3.13e-11 	7.28e-21 	8.87e-08 	2.86e-07 	
188	2.97e-11 	6.81e-21 	8.86e-08 	2.77e-07 	
189	2.81e-11 	6.36e-21 	8.84e-08 	2.68e-07 	
190	2.66e-11 	5.95e-21 	8.82e-08 	2.60e-07 	
191	2.52e-11 	5.56e-21 	8.80e-08 	2.51e-07 	
192	2.38e-11 	5.20e-21 	8.79e-08 	2.43e-07 	
193	2.26e-11 	4.86e-21 	8.77e-08 	2.35e-07 	
194	2.14e-11 	4.55e-21 	8.75e-08 	2.28e-07 	
195	2.03e-11 	4.25e-21 	8.74e-08 	2.21e-07 	
196	1.92e-11 	3.98e-21 	8.72e-08 	2.14e-07 	
197	1.82e-11 	3.72e-21 	8.70e-08 	2.07e-07 	
198	1.72e-11 	3.48e-21 	8.68e-08 	2.00e-07 	
199	1.63e-11 	3.26e-21 	8.66e-08 	1.94e-07 	
200	1.55e-11 	3.05e-21 	8.65e-08 	1.88e-07 	
201	1.47e-11 	2.85e-21 	8.63e-08 	1.82e-07 	
202	1.39e-11 	2.67e-21 	8.61e-08 	1.76e-07 	
203	1.32e-11 	2.50e-21 	8.59e-08 	1.71e-07 	
204	1.25e-11 	2.34e-21 	8.57e-08 	1.65e-07 	
205	1.19e-11 	2.19e-21 	8.56e-08 	1.60e-07 	
206	1.13e-11 	2.05e-21 	8.54e-08 	1.55e-07 	
207	1.07e-11 	1.92e-21 	8.52e-08 	1.50e-07 	
208	1.01e-11 	1.80e-21 	8.50e-08 	1.46e-07 	
209	9.62e-12 	1.69e-21 	8.48e-08 	1.41e-07 	
210	9.13e-12 	1.58e-21 	8.46e-08 	1.37e-07 	
211	8.67e-12 	1.48e-21 	8.44e-08 	1.33e-07 	
212	8.22e-12 	1.39e-21 	8.42e-08 	1.28e-07 	
213	7.81e-12 	1.30e-21 	8.40e-08 	1.24e-07 	
214	7.41e-12 	1.22e-21 	8.39e-08 	1.21e-07 	
215	7.04e-12 	1.14e-21 	8.37e-08 	1.17e-07 	
216	6.68e-12 	1.07e-21 	8.35e-08 	1.13e-07 	
217	6.34e-12 	1.01e-21 	8.33e-08 	1.10e-07 	
218	6.02e-12 	9.43e-22 	8.31e-08 	1.07e-07 	
219	5.72e-12 	8.84e-22 	8.29e-08 	1.03e-07 	
220	5.43e-12 	8.29e-22 	8.27e-08 	1.00e-07 	
221	5.16e-12 	7.78e-22 	8.25e-08 	9.71e-08 	
222	4.90e-12 	7.30e-22 	8.23e-08 	9.42e-08 	
223	4.66e-12 	6.85e-22 	8.21e-08 	9.13e-08 	
