0: 3.271947e-02 2.140874e-28 2.140874e-28 5.306568e-03 
1: 3.206984e-02 3.745943e-28 3.745943e-28 5.132528e-03 
2: 3.143115e-02 6.436819e-28 6.436819e-28 4.963544e-03 
3: 3.080227e-02 1.087331e-27 1.087331e-27 4.799516e-03 
4: 3.018287e-02 1.807390e-27 1.807390e-27 4.640331e-03 
5: 2.957351e-02 2.958979e-27 2.958979e-27 4.485889e-03 
6: 2.897500e-02 4.775340e-27 4.775340e-27 4.336110e-03 
7: 2.838772e-02 7.602854e-27 7.602854e-27 4.190902e-03 
8: 2.781130e-02 1.194972e-26 1.194972e-26 4.050167e-03 
9: 2.724509e-02 1.855296e-26 1.855296e-26 3.913811e-03 
10: 2.668864e-02 2.846963e-26 2.846963e-26 3.781748e-03 
11: 2.614207e-02 4.320010e-26 4.320010e-26 3.653884e-03 
12: 2.560580e-02 6.485353e-26 6.485353e-26 3.530119e-03 
13: 2.508014e-02 9.636893e-26 9.636893e-26 3.410357e-03 
14: 2.456502e-02 1.418079e-25 1.418079e-25 3.294505e-03 
15: 2.406003e-02 2.067389e-25 2.067389e-25 3.182465e-03 
16: 2.356476e-02 2.987361e-25 2.987361e-25 3.074136e-03 
17: 2.307905e-02 4.280223e-25 4.280223e-25 2.969420e-03 
18: 2.260303e-02 6.082888e-25 6.082888e-25 2.868222e-03 
19: 2.213685e-02 8.577335e-25 8.577335e-25 2.770442e-03 
20: 2.168051e-02 1.200373e-24 1.200373e-24 2.675981e-03 
21: 2.123376e-02 1.667702e-24 1.667702e-24 2.584744e-03 
22: 2.079625e-02 2.300772e-24 2.300772e-24 2.496636e-03 
23: 2.036773e-02 3.152801e-24 3.152801e-24 2.411561e-03 
24: 1.994813e-02 4.292423e-24 4.292423e-24 2.329426e-03 
25: 1.953747e-02 5.807685e-24 5.807685e-24 2.250138e-03 
26: 1.913574e-02 7.810943e-24 7.810943e-24 2.173609e-03 
27: 1.874276e-02 1.044477e-23 1.044477e-23 2.099748e-03 
28: 1.835828e-02 1.388911e-23 1.388911e-23 2.028469e-03 
29: 1.798202e-02 1.836989e-23 1.836989e-23 1.959687e-03 
30: 1.761382e-02 2.416940e-23 2.416940e-23 1.893318e-03 
31: 1.725362e-02 3.163887e-23 3.163887e-23 1.829283e-03 
32: 1.690136e-02 4.121363e-23 4.121363e-23 1.767501e-03 
33: 1.655692e-02 5.343131e-23 5.343131e-23 1.707895e-03 
34: 1.622010e-02 6.895352e-23 6.895352e-23 1.650391e-03 
35: 1.589065e-02 8.859133e-23 8.859133e-23 1.594916e-03 
36: 1.556839e-02 1.133351e-22 1.133351e-22 1.541399e-03 
37: 1.525320e-02 1.443890e-22 1.443890e-22 1.489771e-03 
38: 1.494499e-02 1.832112e-22 1.832112e-22 1.439966e-03 
39: 1.464366e-02 2.315611e-22 2.315611e-22 1.391919e-03 
40: 1.434904e-02 2.915539e-22 2.915539e-22 1.345567e-03 
41: 1.406096e-02 3.657257e-22 3.657257e-22 1.300850e-03 
42: 1.377922e-02 4.571098e-22 4.571098e-22 1.257711e-03 
43: 1.350368e-02 5.693243e-22 5.693243e-22 1.216090e-03 
44: 1.323423e-02 7.066744e-22 7.066744e-22 1.175935e-03 
45: 1.297078e-02 8.742670e-22 8.742670e-22 1.137193e-03 
46: 1.271320e-02 1.078141e-21 1.078141e-21 1.099811e-03 
47: 1.246134e-02 1.325413e-21 1.325413e-21 1.063741e-03 
48: 1.221504e-02 1.624444e-21 1.624444e-21 1.028936e-03 
49: 1.197415e-02 1.985031e-21 1.985031e-21 9.953483e-04 
50: 1.173857e-02 2.418622e-21 2.418622e-21 9.629349e-04 
51: 1.150819e-02 2.938576e-21 2.938576e-21 9.316527e-04 
52: 1.128290e-02 3.560449e-21 3.560449e-21 9.014606e-04 
53: 1.106260e-02 4.302323e-21 4.302323e-21 8.723187e-04 
54: 1.084714e-02 5.185175e-21 5.185175e-21 8.441889e-04 
55: 1.063639e-02 6.233277e-21 6.233277e-21 8.170343e-04 
56: 1.043025e-02 7.474638e-21 7.474638e-21 7.908192e-04 
57: 1.022861e-02 8.941499e-21 8.941499e-21 7.655096e-04 
58: 1.003139e-02 1.067087e-20 1.067087e-20 7.410724e-04 
59: 9.838488e-03 1.270515e-20 1.270515e-20 7.174758e-04 
60: 9.649793e-03 1.509285e-20 1.509285e-20 6.946894e-04 
61: 9.465193e-03 1.788939e-20 1.788939e-20 6.726836e-04 
62: 9.284586e-03 2.115797e-20 2.115797e-20 6.514301e-04 
63: 9.107882e-03 2.497065e-20 2.497065e-20 6.309017e-04 
64: 8.935000e-03 2.940935e-20 2.940935e-20 6.110721e-04 
65: 8.765856e-03 3.456703e-20 3.456703e-20 5.919159e-04 
66: 8.600360e-03 4.054898e-20 4.054898e-20 5.734089e-04 
67: 8.438419e-03 4.747412e-20 4.747412e-20 5.555276e-04 
68: 8.279941e-03 5.547654e-20 5.547654e-20 5.382495e-04 
69: 8.124845e-03 6.470722e-20 6.470722e-20 5.215528e-04 
70: 7.973057e-03 7.533593e-20 7.533593e-20 5.054167e-04 
71: 7.824504e-03 8.755345e-20 8.755345e-20 4.898210e-04 
72: 7.679114e-03 1.015739e-19 1.015739e-19 4.747465e-04 
73: 7.536807e-03 1.176375e-19 1.176375e-19 4.601744e-04 
74: 7.397507e-03 1.360131e-19 1.360131e-19 4.460869e-04 
75: 7.261139e-03 1.570009e-19 1.570009e-19 4.324667e-04 
76: 7.127638e-03 1.809359e-19 1.809359e-19 4.192972e-04 
77: 6.996940e-03 2.081909e-19 2.081909e-19 4.065624e-04 
78: 6.868983e-03 2.391803e-19 2.391803e-19 3.942468e-04 
79: 6.743702e-03 2.743639e-19 2.743639e-19 3.823358e-04 
80: 6.621032e-03 3.142519e-19 3.142519e-19 3.708150e-04 
81: 6.500910e-03 3.594101e-19 3.594101e-19 3.596706e-04 
82: 6.383275e-03 4.104650e-19 4.104650e-19 3.488896e-04 
83: 6.268072e-03 4.681103e-19 4.681103e-19 3.384590e-04 
84: 6.155248e-03 5.331123e-19 5.331123e-19 3.283668e-04 
85: 6.044748e-03 6.063168e-19 6.063168e-19 3.186010e-04 
86: 5.936518e-03 6.886548e-19 6.886548e-19 3.091504e-04 
87: 5.830504e-03 7.811504e-19 7.811504e-19 3.000039e-04 
88: 5.726652e-03 8.849279e-19 8.849279e-19 2.911511e-04 
89: 5.624915e-03 1.001222e-18 1.001222e-18 2.825817e-04 
90: 5.525244e-03 1.131385e-18 1.131385e-18 2.742860e-04 
91: 5.427596e-03 1.276902e-18 1.276902e-18 2.662546e-04 
92: 5.331923e-03 1.439400e-18 1.439400e-18 2.584785e-04 
93: 5.238180e-03 1.620660e-18 1.620660e-18 2.509488e-04 
94: 5.146321e-03 1.822627e-18 1.822627e-18 2.436571e-04 
95: 5.056303e-03 2.047428e-18 2.047428e-18 2.365954e-04 
96: 4.968086e-03 2.297379e-18 2.297379e-18 2.297558e-04 
97: 4.881629e-03 2.575001e-18 2.575001e-18 2.231307e-04 
98: 4.796895e-03 2.883035e-18 2.883035e-18 2.167130e-04 
99: 4.713844e-03 3.224463e-18 3.224463e-18 2.104956e-04 
100: 4.632437e-03 3.602523e-18 3.602523e-18 2.044718e-04 
101: 4.552638e-03 4.020732e-18 4.020732e-18 1.986350e-04 
102: 4.474409e-03 4.482912e-18 4.482912e-18 1.929790e-04 
103: 4.397717e-03 4.993206e-18 4.993206e-18 1.874978e-04 
104: 4.322530e-03 5.556104e-18 5.556104e-18 1.821855e-04 
105: 4.248812e-03 6.176464e-18 6.176464e-18 1.770365e-04 
106: 4.176533e-03 6.859535e-18 6.859535e-18 1.720454e-04 
107: 4.105659e-03 7.610981e-18 7.610981e-18 1.672069e-04 
108: 4.036158e-03 8.436912e-18 8.436912e-18 1.625161e-04 
109: 3.968002e-03 9.343913e-18 9.343913e-18 1.579680e-04 
110: 3.901162e-03 1.033909e-17 1.033909e-17 1.535580e-04 
111: 3.835609e-03 1.143008e-17 1.143008e-17 1.492815e-04 
112: 3.771314e-03 1.262515e-17 1.262515e-17 1.451342e-04 
113: 3.708252e-03 1.393316e-17 1.393316e-17 1.411118e-04 
114: 3.646393e-03 1.536366e-17 1.536366e-17 1.372103e-04 
115: 3.585712e-03 1.692689e-17 1.692689e-17 1.334258e-04 
116: 3.526185e-03 1.863384e-17 1.863384e-17 1.297545e-04 
117: 3.467786e-03 2.049628e-17 2.049628e-17 1.261927e-04 
118: 3.410492e-03 2.252681e-17 2.252681e-17 1.227369e-04 
119: 3.354279e-03 2.473893e-17 2.473893e-17 1.193836e-04 
120: 3.299124e-03 2.714710e-17 2.714710e-17 1.161297e-04 
121: 3.245003e-03 2.976678e-17 2.976678e-17 1.129719e-04 
122: 3.191895e-03 3.261453e-17 3.261453e-17 1.099072e-04 
123: 3.139779e-03 3.570805e-17 3.570805e-17 1.069325e-04 
124: 3.088634e-03 3.906623e-17 3.906623e-17 1.040451e-04 
125: 3.038439e-03 4.270924e-17 4.270924e-17 1.012422e-04 
126: 2.989175e-03 4.665858e-17 4.665858e-17 9.852102e-05 
127: 2.940821e-03 5.093710e-17 5.093710e-17 9.587910e-05 
128: 2.893359e-03 5.556916e-17 5.556916e-17 9.331392e-05 
129: 2.846771e-03 6.058067e-17 6.058067e-17 9.082307e-05 
130: 2.801037e-03 6.599922e-17 6.599922e-17 8.840423e-05 
131: 2.756141e-03 7.185414e-17 7.185414e-17 8.605514e-05 
132: 2.712064e-03 7.817667e-17 7.817667e-17 8.377363e-05 
133: 2.668791e-03 8.499998e-17 8.499998e-17 8.155761e-05 
134: 2.626304e-03 9.235932e-17 9.235932e-17 7.940504e-05 
135: 2.584587e-03 1.002921e-16 1.002921e-16 7.731397e-05 
136: 2.543625e-03 1.088378e-16 1.088378e-16 7.528250e-05 
137: 2.503402e-03 1.180385e-16 1.180385e-16 7.330879e-05 
138: 2.463903e-03 1.279385e-16 1.279385e-16 7.139108e-05 
139: 2.425114e-03 1.385849e-16 1.385849e-16 6.952764e-05 
140: 2.387019e-03 1.500274e-16 1.500274e-16 6.771683e-05 
141: 2.349605e-03 1.623186e-16 1.623186e-16 6.595703e-05 
142: 2.312858e-03 1.755144e-16 1.755144e-16 6.424669e-05 
143: 2.276764e-03 1.896738e-16 1.896738e-16 6.258433e-05 
144: 2.241312e-03 2.048589e-16 2.048589e-16 6.096847e-05 
145: 2.206487e-03 2.211356e-16 2.211356e-16 5.939773e-05 
146: 2.172277e-03 2.385732e-16 2.385732e-16 5.787074e-05 
147: 2.138669e-03 2.572447e-16 2.572447e-16 5.638618e-05 
148: 2.105653e-03 2.772271e-16 2.772271e-16 5.494280e-05 
149: 2.073215e-03 2.986015e-16 2.986015e-16 5.353934e-05 
150: 2.041346e-03 3.214535e-16 3.214535e-16 5.217463e-05 
151: 2.010032e-03 3.458730e-16 3.458730e-16 5.084751e-05 
152: 1.979265e-03 3.719551e-16 3.719551e-16 4.955686e-05 
153: 1.949031e-03 3.997996e-16 3.997996e-16 4.830161e-05 
154: 1.919322e-03 4.295117e-16 4.295117e-16 4.708070e-05 
155: 1.890127e-03 4.612016e-16 4.612016e-16 4.589312e-05 
156: 1.861436e-03 4.949854e-16 4.949854e-16 4.473790e-05 
157: 1.833239e-03 5.309847e-16 5.309847e-16 4.361408e-05 
158: 1.805527e-03 5.693271e-16 5.693271e-16 4.252074e-05 
159: 1.778290e-03 6.101467e-16 6.101467e-16 4.145699e-05 
160: 1.751518e-03 6.535840e-16 6.535840e-16 4.042197e-05 
161: 1.725204e-03 6.997866e-16 6.997866e-16 3.941485e-05 
162: 1.699337e-03 7.489093e-16 7.489093e-16 3.843480e-05 
163: 1.673910e-03 8.011145e-16 8.011145e-16 3.748106e-05 
164: 1.648914e-03 8.565721e-16 8.565721e-16 3.655285e-05 
165: 1.624342e-03 9.154603e-16 9.154603e-16 3.564944e-05 
166: 1.600184e-03 9.779651e-16 9.779651e-16 3.477012e-05 
167: 1.576432e-03 1.044281e-15 1.044281e-15 3.391420e-05 
168: 1.553080e-03 1.114612e-15 1.114612e-15 3.308101e-05 
169: 1.530120e-03 1.189170e-15 1.189170e-15 3.226988e-05 
170: 1.507544e-03 1.268178e-15 1.268178e-15 3.148021e-05 
171: 1.485344e-03 1.351868e-15 1.351868e-15 3.071137e-05 
172: 1.463515e-03 1.440485e-15 1.440485e-15 2.996278e-05 
173: 1.442049e-03 1.534280e-15 1.534280e-15 2.923385e-05 
174: 1.420939e-03 1.633521e-15 1.633521e-15 2.852404e-05 
175: 1.400178e-03 1.738483e-15 1.738483e-15 2.783281e-05 
176: 1.379760e-03 1.849455e-15 1.849455e-15 2.715963e-05 
177: 1.359679e-03 1.966737e-15 1.966737e-15 2.650399e-05 
178: 1.339928e-03 2.090642e-15 2.090642e-15 2.586540e-05 
179: 1.320501e-03 2.221496e-15 2.221496e-15 2.524339e-05 
180: 1.301393e-03 2.359639e-15 2.359639e-15 2.463749e-05 
181: 1.282597e-03 2.505425e-15 2.505425e-15 2.404726e-05 
182: 1.264108e-03 2.659224e-15 2.659224e-15 2.347225e-05 
183: 1.245919e-03 2.821420e-15 2.821420e-15 2.291205e-05 
184: 1.228027e-03 2.992412e-15 2.992412e-15 2.236625e-05 
185: 1.210424e-03 3.172617e-15 3.172617e-15 2.183444e-05 
186: 1.193106e-03 3.362467e-15 3.362467e-15 2.131625e-05 
187: 1.176068e-03 3.562411e-15 3.562411e-15 2.081129e-05 
188: 1.159304e-03 3.772914e-15 3.772914e-15 2.031921e-05 
189: 1.142810e-03 3.994461e-15 3.994461e-15 1.983965e-05 
190: 1.126580e-03 4.227556e-15 4.227556e-15 1.937227e-05 
191: 1.110610e-03 4.472722e-15 4.472722e-15 1.891673e-05 
192: 1.094896e-03 4.730502e-15 4.730502e-15 1.847272e-05 
193: 1.079433e-03 5.001460e-15 5.001460e-15 1.803992e-05 
194: 1.064215e-03 5.286182e-15 5.286182e-15 1.761802e-05 
195: 1.049239e-03 5.585274e-15 5.585274e-15 1.720674e-05 
196: 1.034501e-03 5.899366e-15 5.899366e-15 1.680578e-05 
197: 1.019996e-03 6.229108e-15 6.229108e-15 1.641487e-05 
198: 1.005720e-03 6.575176e-15 6.575176e-15 1.603374e-05 
199: 9.916693e-04 6.938269e-15 6.938269e-15 1.566211e-05 
200: 9.778395e-04 7.319112e-15 7.319112e-15 1.529975e-05 
201: 9.642268e-04 7.718455e-15 7.718455e-15 1.494640e-05 
202: 9.508274e-04 8.137077e-15 8.137077e-15 1.460181e-05 
203: 9.376376e-04 8.575782e-15 8.575782e-15 1.426577e-05 
204: 9.246537e-04 9.035406e-15 9.035406e-15 1.393803e-05 
205: 9.118721e-04 9.516809e-15 9.516809e-15 1.361839e-05 
206: 8.992893e-04 1.002088e-14 1.002088e-14 1.330662e-05 
207: 8.869017e-04 1.054855e-14 1.054855e-14 1.300251e-05 
208: 8.747060e-04 1.110076e-14 1.110076e-14 1.270587e-05 
209: 8.626989e-04 1.167849e-14 1.167849e-14 1.241650e-05 
210: 8.508770e-04 1.228277e-14 1.228277e-14 1.213420e-05 
211: 8.392373e-04 1.291464e-14 1.291464e-14 1.185880e-05 
212: 8.277765e-04 1.357520e-14 1.357520e-14 1.159010e-05 
213: 8.164916e-04 1.426555e-14 1.426555e-14 1.132795e-05 
214: 8.053794e-04 1.498686e-14 1.498686e-14 1.107215e-05 
215: 7.944372e-04 1.574033e-14 1.574033e-14 1.082256e-05 
216: 7.836620e-04 1.652718e-14 1.652718e-14 1.057900e-05 
217: 7.730508e-04 1.734870e-14 1.734870e-14 1.034133e-05 
218: 7.626010e-04 1.820617e-14 1.820617e-14 1.010939e-05 
219: 7.523097e-04 1.910097e-14 1.910097e-14 9.883023e-06 
220: 7.421743e-04 2.003447e-14 2.003447e-14 9.662097e-06 
221: 7.321922e-04 2.100812e-14 2.100812e-14 9.446469e-06 
222: 7.223606e-04 2.202340e-14 2.202340e-14 9.236002e-06 
223: 7.126772e-04 2.308183e-14 2.308183e-14 9.030564e-06
